# Made in Blockbench 4.9.4
mtllib orc.mtl

o head
v 0.1408725293472619 0.6789123660364251 0.125
v 0.1408725293472619 0.6789123660364251 -0.125
v 0.12877272154983221 0.49180318761039143 0.125
v 0.12877272154983221 0.49180318761039143 -0.125
v -0.046236649078771674 0.6910121738338546 -0.125
v -0.046236649078771674 0.6910121738338546 0.125
v -0.058336456876201315 0.5039029954078211 -0.125
v -0.058336456876201315 0.5039029954078211 0.125
vt 0.53125 1
vt 0.625 1
vt 0.625 0.90625
vt 0.53125 0.90625
vt 0.46875 0.75
vt 0.59375 0.75
vt 0.59375 0.65625
vt 0.46875 0.65625
vt 0.53125 0.90625
vt 0.625 0.90625
vt 0.625 0.8125
vt 0.53125 0.8125
vt 0.46875 0.65625
vt 0.59375 0.65625
vt 0.59375 0.5625
vt 0.46875 0.5625
vt 0.5625 0.4375
vt 0.46875 0.4375
vt 0.46875 0.5625
vt 0.5625 0.5625
vt 0.09375 0.5
vt 0 0.5
vt 0 0.375
vt 0.09375 0.375
vn 0 0 -1
vn 0.997915618272179 -0.06453230825295801 0
vn 0 0 1
vn -0.997915618272179 0.06453230825295801 0
vn 0.06453230825295801 0.997915618272179 0
vn -0.06453230825295801 -0.997915618272179 0
usemtl m_19dec961-d5fb-3887-0be9-9436cfbd504b
f 4/4/1 7/3/1 5/2/1 2/1/1
f 3/8/2 4/7/2 2/6/2 1/5/2
f 8/12/3 3/11/3 1/10/3 6/9/3
f 7/16/4 8/15/4 6/14/4 5/13/4
f 6/20/5 1/19/5 2/18/5 5/17/5
f 7/24/6 4/23/6 3/22/6 8/21/6
o neck
v 0.06640299540782102 0.49583645687620126 0.125
v 0.06640299540782102 0.49583645687620126 -0.125
v 0.062369726142011195 0.4334667307341902 0.125
v 0.062369726142011195 0.4334667307341902 -0.125
v -0.058336456876201315 0.5039029954078211 -0.125
v -0.058336456876201315 0.5039029954078211 0.125
v -0.062369726142011195 0.4415332692658098 -0.125
v -0.062369726142011195 0.4415332692658098 0.125
vt 0.75 0.625
vt 0.8125 0.625
vt 0.8125 0.59375
vt 0.75 0.59375
vt 0.625 1
vt 0.75 1
vt 0.75 0.96875
vt 0.625 0.96875
vt 0.75 0.59375
vt 0.8125 0.59375
vt 0.8125 0.5625
vt 0.75 0.5625
vt 0.625 0.96875
vt 0.75 0.96875
vt 0.75 0.9375
vt 0.625 0.9375
vt 0.625 0.4375
vt 0.5625 0.4375
vt 0.5625 0.5625
vt 0.625 0.5625
vt 0.5625 0.4375
vt 0.5 0.4375
vt 0.5 0.3125
vt 0.5625 0.3125
vn 0 0 -1
vn 0.997915618272179 -0.06453230825295801 0
vn 0 0 1
vn -0.997915618272179 0.06453230825295801 0
vn 0.06453230825295801 0.997915618272179 0
vn -0.06453230825295801 -0.997915618272179 0
usemtl m_19dec961-d5fb-3887-0be9-9436cfbd504b
f 12/28/7 15/27/7 13/26/7 10/25/7
f 11/32/8 12/31/8 10/30/8 9/29/8
f 16/36/9 11/35/9 9/34/9 14/33/9
f 15/40/10 16/39/10 14/38/10 13/37/10
f 14/44/11 9/43/11 10/42/11 13/41/11
f 15/48/12 12/47/12 11/46/12 16/45/12
o right ear
v 0.08253607247106054 0.745315361444246 0.125
v 0.08253607247106054 0.745315361444246 0.0625
v 0.07850280320525072 0.682945635302235 0.125
v 0.07850280320525072 0.682945635302235 0.0625
v 0.020166346329049345 0.7493486307100559 0.0625
v 0.020166346329049345 0.7493486307100559 0.125
v 0.01613307706323952 0.6869789045680448 0.0625
v 0.01613307706323952 0.6869789045680448 0.125
vt 0.5625 0.21875
vt 0.59375 0.21875
vt 0.59375 0.1875
vt 0.5625 0.1875
vt 0.59375 0.21875
vt 0.625 0.21875
vt 0.625 0.1875
vt 0.59375 0.1875
vt 0.625 0.21875
vt 0.65625 0.21875
vt 0.65625 0.1875
vt 0.625 0.1875
vt 0.78125 0.375
vt 0.8125 0.375
vt 0.8125 0.34375
vt 0.78125 0.34375
vt 0.6875 0.1875
vt 0.65625 0.1875
vt 0.65625 0.21875
vt 0.6875 0.21875
vt 0.8125 0.34375
vt 0.78125 0.34375
vt 0.78125 0.3125
vt 0.8125 0.3125
vn 0 0 -1
vn 0.997915618272179 -0.06453230825295801 0
vn 0 0 1
vn -0.997915618272179 0.06453230825295801 0
vn 0.06453230825295801 0.997915618272179 0
vn -0.06453230825295801 -0.997915618272179 0
usemtl m_19dec961-d5fb-3887-0be9-9436cfbd504b
f 20/52/13 23/51/13 21/50/13 18/49/13
f 19/56/14 20/55/14 18/54/14 17/53/14
f 24/60/15 19/59/15 17/58/15 22/57/15
f 23/64/16 24/63/16 22/62/16 21/61/16
f 22/68/17 17/67/17 18/66/17 21/65/17
f 23/72/18 20/71/18 19/70/18 24/69/18
o left ear
v 0.08253607247106054 0.745315361444246 -0.0625
v 0.08253607247106054 0.745315361444246 -0.125
v 0.07850280320525072 0.682945635302235 -0.0625
v 0.07850280320525072 0.682945635302235 -0.125
v 0.020166346329049345 0.7493486307100559 -0.125
v 0.020166346329049345 0.7493486307100559 -0.0625
v 0.01613307706323952 0.6869789045680448 -0.125
v 0.01613307706323952 0.6869789045680448 -0.0625
vt 0.6875 0.21875
vt 0.71875 0.21875
vt 0.71875 0.1875
vt 0.6875 0.1875
vt 0.78125 0.3125
vt 0.8125 0.3125
vt 0.8125 0.28125
vt 0.78125 0.28125
vt 0.71875 0.21875
vt 0.75 0.21875
vt 0.75 0.1875
vt 0.71875 0.1875
vt 0.78125 0.28125
vt 0.8125 0.28125
vt 0.8125 0.25
vt 0.78125 0.25
vt 0.78125 0.1875
vt 0.75 0.1875
vt 0.75 0.21875
vt 0.78125 0.21875
vt 0.8125 0.21875
vt 0.78125 0.21875
vt 0.78125 0.1875
vt 0.8125 0.1875
vn 0 0 -1
vn 0.997915618272179 -0.06453230825295801 0
vn 0 0 1
vn -0.997915618272179 0.06453230825295801 0
vn 0.06453230825295801 0.997915618272179 0
vn -0.06453230825295801 -0.997915618272179 0
usemtl m_19dec961-d5fb-3887-0be9-9436cfbd504b
f 28/76/19 31/75/19 29/74/19 26/73/19
f 27/80/20 28/79/20 26/78/20 25/77/20
f 32/84/21 27/83/21 25/82/21 30/81/21
f 31/88/22 32/87/22 30/86/22 29/85/22
f 30/92/23 25/91/23 26/90/23 29/89/23
f 31/96/24 28/95/24 27/94/24 32/93/24
o body
v 0.12490618195738645 0.3701579230873242 0.25
v 0.12490618195738645 0.3701579230873242 -0.25
v 0.11522202813203486 0.1203455591725513 0.25
v 0.11522202813203486 0.1203455591725513 -0.25
v -0.12490618195738645 0.3798420769126758 -0.25
v -0.12490618195738645 0.3798420769126758 0.25
v -0.13459033578273805 0.1300297129979029 -0.25
v -0.13459033578273805 0.1300297129979029 0.25
vt 0.21875 0.5625
vt 0.34375 0.5625
vt 0.34375 0.4375
vt 0.21875 0.4375
vt 0 1
vt 0.25 1
vt 0.25 0.875
vt 0 0.875
vt 0.34375 0.5625
vt 0.46875 0.5625
vt 0.46875 0.4375
vt 0.34375 0.4375
vt 0 0.875
vt 0.25 0.875
vt 0.25 0.75
vt 0 0.75
vt 0.125 0.5
vt 0 0.5
vt 0 0.75
vt 0.125 0.75
vt 0.375 1
vt 0.25 1
vt 0.25 0.75
vt 0.375 0.75
vn 0 0 -1
vn 0.9992494556590916 -0.038736615301406284 0
vn 0 0 1
vn -0.9992494556590916 0.038736615301406284 0
vn 0.038736615301406284 0.9992494556590916 0
vn -0.038736615301406284 -0.9992494556590916 0
usemtl m_19dec961-d5fb-3887-0be9-9436cfbd504b
f 36/100/25 39/99/25 37/98/25 34/97/25
f 35/104/26 36/103/26 34/102/26 33/101/26
f 40/108/27 35/107/27 33/106/27 38/105/27
f 39/112/28 40/111/28 38/110/28 37/109/28
f 38/116/29 33/115/29 34/114/29 37/113/29
f 39/120/30 36/119/30 35/118/30 40/117/30
o neck
v 0.12732722041372435 0.43261101406601743 0.1875
v 0.12732722041372435 0.43261101406601743 -0.1875
v 0.12490618195738645 0.3701579230873242 0.1875
v 0.12490618195738645 0.3701579230873242 -0.1875
v -0.12248514350104855 0.442295167891369 -0.1875
v -0.12248514350104855 0.442295167891369 0.1875
v -0.12490618195738645 0.3798420769126758 -0.1875
v -0.12490618195738645 0.3798420769126758 0.1875
vt 0.625 0.9375
vt 0.75 0.9375
vt 0.75 0.90625
vt 0.625 0.90625
vt 0.53125 0.8125
vt 0.71875 0.8125
vt 0.71875 0.78125
vt 0.53125 0.78125
vt 0.625 0.90625
vt 0.75 0.90625
vt 0.75 0.875
vt 0.625 0.875
vt 0.53125 0.78125
vt 0.71875 0.78125
vt 0.71875 0.75
vt 0.53125 0.75
vt 0.25 0.5625
vt 0.125 0.5625
vt 0.125 0.75
vt 0.25 0.75
vt 0.375 0.75
vt 0.25 0.75
vt 0.25 0.5625
vt 0.375 0.5625
vn 0 0 -1
vn 0.9992494556590916 -0.038736615301406284 0
vn 0 0 1
vn -0.9992494556590916 0.038736615301406284 0
vn 0.038736615301406284 0.9992494556590916 0
vn -0.038736615301406284 -0.9992494556590916 0
usemtl m_19dec961-d5fb-3887-0be9-9436cfbd504b
f 44/124/31 47/123/31 45/122/31 42/121/31
f 43/128/32 44/127/32 42/126/32 41/125/32
f 48/132/33 43/131/33 41/130/33 46/129/33
f 47/136/34 48/135/34 46/134/34 45/133/34
f 46/140/35 41/139/35 42/138/35 45/137/35
f 47/144/36 44/143/36 43/142/36 48/141/36
o right
v 0.15030494228516111 0.415597069677656 0.3125
v 0.15030494228516111 0.415597069677656 0.1875
v 0.12484344123242219 0.29321769247650586 0.3125
v 0.12484344123242219 0.29321769247650575 0.1875
v 0.027925565084011006 0.4410585707303948 0.1875
v 0.027925565084011006 0.4410585707303948 0.3125
v 0.002464064031272084 0.3186791935292447 0.1875
v 0.002464064031272084 0.3186791935292448 0.3125
vt 0.59375 0.375
vt 0.65625 0.375
vt 0.65625 0.3125
vt 0.59375 0.3125
vt 0.3125 0.34375
vt 0.375 0.34375
vt 0.375 0.28125
vt 0.3125 0.28125
vt 0.375 0.34375
vt 0.4375 0.34375
vt 0.4375 0.28125
vt 0.375 0.28125
vt 0.4375 0.34375
vt 0.5 0.34375
vt 0.5 0.28125
vt 0.4375 0.28125
vt 0.71875 0.3125
vt 0.65625 0.3125
vt 0.65625 0.375
vt 0.71875 0.375
vt 0.0625 0.3125
vt 0 0.3125
vt 0 0.25
vt 0.0625 0.25
vn -2.261435576821469e-17 -1.0869472184640306e-16 -1
vn 0.9790350176092009 -0.20369200842191096 0
vn 2.261435576821469e-17 1.0869472184640306e-16 1
vn -0.9790350176092009 0.20369200842191096 0
vn 0.20369200842191096 0.9790350176092009 -1.1102230246251568e-16
vn -0.20369200842191096 -0.9790350176092009 1.1102230246251568e-16
usemtl m_19dec961-d5fb-3887-0be9-9436cfbd504b
f 52/148/37 55/147/37 53/146/37 50/145/37
f 51/152/38 52/151/38 50/150/38 49/149/38
f 56/156/39 51/155/39 49/154/39 54/153/39
f 55/160/40 56/159/40 54/158/40 53/157/40
f 54/164/41 49/163/41 50/162/41 53/161/41
f 55/168/42 52/167/42 51/166/42 56/165/42
o right2
v 0.12484344123242219 0.29321769247650586 0.375
v 0.12484344123242219 0.29321769247650586 0.25
v 0.09938194017968338 0.17083831527535576 0.375
v 0.09938194017968338 0.17083831527535576 0.25
v 0.002464064031272084 0.3186791935292447 0.25
v 0.002464064031272084 0.3186791935292447 0.375
v -0.022997437021466727 0.19629981632809457 0.25
v -0.022997437021466727 0.19629981632809457 0.375
vt 0.5 0.3125
vt 0.5625 0.3125
vt 0.5625 0.25
vt 0.5 0.25
vt 0.6875 0.5
vt 0.75 0.5
vt 0.75 0.4375
vt 0.6875 0.4375
vt 0.59375 0.3125
vt 0.65625 0.3125
vt 0.65625 0.25
vt 0.59375 0.25
vt 0.65625 0.3125
vt 0.71875 0.3125
vt 0.71875 0.25
vt 0.65625 0.25
vt 0.78125 0.75
vt 0.71875 0.75
vt 0.71875 0.8125
vt 0.78125 0.8125
vt 0.375 0.28125
vt 0.3125 0.28125
vt 0.3125 0.21875
vt 0.375 0.21875
vn -2.900819215256209e-17 6.035266169205263e-18 -1
vn 0.9790350176092009 -0.20369200842191099 -2.962937140226094e-17
vn 2.900819215256209e-17 -6.035266169205263e-18 1
vn -0.9790350176092009 0.20369200842191099 2.962937140226094e-17
vn 0.20369200842191099 0.9790350176092009 6.162975822039155e-33
vn -0.20369200842191099 -0.9790350176092009 -6.162975822039155e-33
usemtl m_19dec961-d5fb-3887-0be9-9436cfbd504b
f 60/172/43 63/171/43 61/170/43 58/169/43
f 59/176/44 60/175/44 58/174/44 57/173/44
f 64/180/45 59/179/45 57/178/45 62/177/45
f 63/184/46 64/183/46 62/182/46 61/181/46
f 62/188/47 57/187/47 58/186/47 61/185/47
f 63/192/48 60/191/48 59/190/48 64/189/48
o axe
v 0.20048873999936934 0.6598712346992142 0.374375
v 0.20048873999936934 0.6598712346992142 0.313125
v 0.07343584974620243 0.04919814246547505 0.374375
v 0.07343584974620243 0.04919814246547505 0.313125
v 0.14052284517080582 0.6723473702150562 0.313125
v 0.14052284517080582 0.6723473702150562 0.374375
v 0.013469954917638916 0.06167427798131708 0.313125
v 0.013469954917638916 0.06167427798131708 0.374375
vt 0.09375 0.5
vt 0.125 0.5
vt 0.125 0.1875
vt 0.09375 0.1875
vt 0.21875 0.4375
vt 0.25 0.4375
vt 0.25 0.125
vt 0.21875 0.125
vt 0.25 0.4375
vt 0.28125 0.4375
vt 0.28125 0.125
vt 0.25 0.125
vt 0.28125 0.4375
vt 0.3125 0.4375
vt 0.3125 0.125
vt 0.28125 0.125
vt 0.03125 0.15625
vt 0 0.15625
vt 0 0.1875
vt 0.03125 0.1875
vt 0.84375 1
vt 0.8125 1
vt 0.8125 0.96875
vt 0.84375 0.96875
vn -2.900819215256209e-17 6.035266169205263e-18 -1
vn 0.9790350176092009 -0.20369200842191099 -2.962937140226094e-17
vn 2.900819215256209e-17 -6.035266169205263e-18 1
vn -0.9790350176092009 0.20369200842191099 2.962937140226094e-17
vn 0.20369200842191099 0.9790350176092009 6.162975822039155e-33
vn -0.20369200842191099 -0.9790350176092009 -6.162975822039155e-33
usemtl m_19dec961-d5fb-3887-0be9-9436cfbd504b
f 68/196/49 71/195/49 69/194/49 66/193/49
f 67/200/50 68/199/50 66/198/50 65/197/50
f 72/204/51 67/203/51 65/202/51 70/201/51
f 71/208/52 72/207/52 70/206/52 69/205/52
f 70/212/53 65/211/53 66/210/53 69/209/53
f 71/216/54 68/215/54 67/214/54 72/213/54
o cube
v 0.31161577545668895 0.5741892238073842 0.375625
v 0.31161577545668895 0.5741892238073842 0.311875
v 0.28589965939342266 0.4505860528342227 0.375625
v 0.28589965939342266 0.4505860528342227 0.311875
v 0.12682291588295225 0.6126360903970198 0.311875
v 0.12682291588295225 0.6126360903970198 0.375625
v 0.10110679981968607 0.4890329194238583 0.311875
v 0.10110679981968607 0.4890329194238583 0.375625
vt 0.3125 0.4375
vt 0.40625 0.4375
vt 0.40625 0.34375
vt 0.3125 0.34375
vt 0.0625 0.25
vt 0.09375 0.25
vt 0.09375 0.15625
vt 0.0625 0.15625
vt 0.40625 0.4375
vt 0.5 0.4375
vt 0.5 0.34375
vt 0.40625 0.34375
vt 0.125 0.25
vt 0.15625 0.25
vt 0.15625 0.15625
vt 0.125 0.15625
vt 0.84375 0.84375
vt 0.75 0.84375
vt 0.75 0.875
vt 0.84375 0.875
vt 0.84375 0.84375
vt 0.75 0.84375
vt 0.75 0.8125
vt 0.84375 0.8125
vn -2.900819215256209e-17 6.035266169205263e-18 -1
vn 0.9790350176092009 -0.20369200842191099 -2.962937140226094e-17
vn 2.900819215256209e-17 -6.035266169205263e-18 1
vn -0.9790350176092009 0.20369200842191099 2.962937140226094e-17
vn 0.20369200842191099 0.9790350176092009 6.162975822039155e-33
vn -0.20369200842191099 -0.9790350176092009 -6.162975822039155e-33
usemtl m_19dec961-d5fb-3887-0be9-9436cfbd504b
f 76/220/55 79/219/55 77/218/55 74/217/55
f 75/224/56 76/223/56 74/222/56 73/221/56
f 80/228/57 75/227/57 73/226/57 78/225/57
f 79/232/58 80/231/58 78/230/58 77/229/58
f 78/236/59 73/235/59 74/234/59 77/233/59
f 79/240/60 76/239/60 75/238/60 80/237/60
o cube
v 0.32286811720051956 0.6344097336464753 0.374375
v 0.32286811720051956 0.6344097336464753 0.313125
v 0.3103919816846774 0.5744438388179116 0.374375
v 0.3103919816846774 0.5744438388179116 0.313125
v 0.20171253377138088 0.6596166196886868 0.313125
v 0.20171253377138088 0.6596166196886868 0.374375
v 0.18923639825553884 0.599650724860123 0.313125
v 0.18923639825553884 0.599650724860123 0.374375
vt 0.78125 0.6875
vt 0.84375 0.6875
vt 0.84375 0.65625
vt 0.78125 0.65625
vt 0.03125 0.1875
vt 0.0625 0.1875
vt 0.0625 0.15625
vt 0.03125 0.15625
vt 0.78125 0.65625
vt 0.84375 0.65625
vt 0.84375 0.625
vt 0.78125 0.625
vt 0.8125 0.96875
vt 0.84375 0.96875
vt 0.84375 0.9375
vt 0.8125 0.9375
vt 0.4375 0.1875
vt 0.375 0.1875
vt 0.375 0.21875
vt 0.4375 0.21875
vt 0.5 0.21875
vt 0.4375 0.21875
vt 0.4375 0.1875
vt 0.5 0.1875
vn -2.900819215256209e-17 6.035266169205263e-18 -1
vn 0.9790350176092009 -0.20369200842191099 -2.962937140226094e-17
vn 2.900819215256209e-17 -6.035266169205263e-18 1
vn -0.9790350176092009 0.20369200842191099 2.962937140226094e-17
vn 0.20369200842191099 0.9790350176092009 6.162975822039155e-33
vn -0.20369200842191099 -0.9790350176092009 -6.162975822039155e-33
usemtl m_19dec961-d5fb-3887-0be9-9436cfbd504b
f 84/244/61 87/243/61 85/242/61 82/241/61
f 83/248/62 84/247/62 82/246/62 81/245/62
f 88/252/63 83/251/63 81/250/63 86/249/63
f 87/256/64 88/255/64 86/254/64 85/253/64
f 86/260/65 81/259/65 82/258/65 85/257/65
f 87/264/66 84/263/66 83/262/66 88/261/66
o cube
v 0.33633807211815836 0.6960840116277924 0.375
v 0.33633807211815836 0.6960840116277924 0.3125
v 0.31087657106541955 0.5737046344266423 0.375
v 0.31087657106541955 0.5737046344266423 0.3125
v 0.2751483835175833 0.7088147621541618 0.3125
v 0.2751483835175833 0.7088147621541618 0.375
v 0.2496868824648445 0.5864353849530117 0.3125
v 0.2496868824648445 0.5864353849530117 0.375
vt 0.15625 0.25
vt 0.1875 0.25
vt 0.1875 0.1875
vt 0.15625 0.1875
vt 0.1875 0.25
vt 0.21875 0.25
vt 0.21875 0.1875
vt 0.1875 0.1875
vt 0.75 0.75
vt 0.78125 0.75
vt 0.78125 0.6875
vt 0.75 0.6875
vt 0.75 0.6875
vt 0.78125 0.6875
vt 0.78125 0.625
vt 0.75 0.625
vt 0.53125 0.1875
vt 0.5 0.1875
vt 0.5 0.21875
vt 0.53125 0.21875
vt 0.5625 0.21875
vt 0.53125 0.21875
vt 0.53125 0.1875
vt 0.5625 0.1875
vn -2.900819215256209e-17 6.035266169205263e-18 -1
vn 0.9790350176092009 -0.20369200842191099 -2.962937140226094e-17
vn 2.900819215256209e-17 -6.035266169205263e-18 1
vn -0.9790350176092009 0.20369200842191099 2.962937140226094e-17
vn 0.20369200842191099 0.9790350176092009 6.162975822039155e-33
vn -0.20369200842191099 -0.9790350176092009 -6.162975822039155e-33
usemtl m_19dec961-d5fb-3887-0be9-9436cfbd504b
f 92/268/67 95/267/67 93/266/67 90/265/67
f 91/272/68 92/271/68 90/270/68 89/269/68
f 96/276/69 91/275/69 89/274/69 94/273/69
f 95/280/70 96/279/70 94/278/70 93/277/70
f 94/284/71 89/283/71 90/282/71 93/281/71
f 95/288/72 92/287/72 91/286/72 96/285/72
o right
v 0.13333815765077417 0.13922247177099556 0.2500906655072369
v 0.13327022456763893 0.13939074298052512 0.12509079722772132
v 0.15673416781536065 0.08126672593115125 0.24999993223918382
v 0.1566662347322254 0.0814349971406807 0.12500006395966823
v 0.017358610746544767 0.09259867333844252 0.12509080102886916
v 0.017426543829680008 0.09243040212891296 0.25009066930838486
v 0.040754620911131245 0.0346429274985981 0.12500006776081618
v 0.040822553994266486 0.03447465628906865 0.24999993604033177
vt 0.75 0.5625
vt 0.8125 0.5625
vt 0.8125 0.53125
vt 0.75 0.53125
vt 0.75 0.53125
vt 0.8125 0.53125
vt 0.8125 0.5
vt 0.75 0.5
vt 0.5 0.25
vt 0.5625 0.25
vt 0.5625 0.21875
vt 0.5 0.21875
vt 0.75 0.5
vt 0.8125 0.5
vt 0.8125 0.46875
vt 0.75 0.46875
vt 0.0625 0.3125
vt 0 0.3125
vt 0 0.375
vt 0.0625 0.375
vt 0.1875 0.375
vt 0.125 0.375
vt 0.125 0.3125
vt 0.1875 0.3125
vn -0.0005434646650820999 0.0013461696762360011 -0.9999989462361252
vn 0.9272929105687536 0.3743365571366609 -3.0409183339268585e-8
vn 0.0005434646650820999 -0.0013461696762360011 0.9999989462361252
vn -0.9272929105687536 -0.3743365571366609 3.0409183339268585e-8
vn -0.37433616263338404 0.9272919334375094 0.00145173228884854
vn 0.37433616263338404 -0.9272919334375094 -0.00145173228884854
usemtl m_19dec961-d5fb-3887-0be9-9436cfbd504b
f 100/292/73 103/291/73 101/290/73 98/289/73
f 99/296/74 100/295/74 98/294/74 97/293/74
f 104/300/75 99/299/75 97/298/75 102/297/75
f 103/304/76 104/303/76 102/302/76 101/301/76
f 102/308/77 97/307/77 98/306/77 101/305/77
f 103/312/78 100/311/78 99/310/78 104/309/78
o right
v 0.15862599157756407 0.08135134259296051 0.24880439236105412
v 0.15473751697371796 0.08135195534290718 0.12386488794039552
v 0.1820119122332513 0.023396027435782618 0.24807627141087663
v 0.17812343762940508 0.02339664018572929 0.12313676699021803
v 0.038882976166726424 0.034557449471456 0.1274703830031948
v 0.04277145077057265 0.03455683672150933 0.2524098874238534
v 0.062268896822413655 -0.02339786568572183 0.1267422620530173
v 0.06615737142625988 -0.023398478435668557 0.2516817664736759
vt 0.625 0.25
vt 0.6875 0.25
vt 0.6875 0.21875
vt 0.625 0.21875
vt 0.6875 0.25
vt 0.75 0.25
vt 0.75 0.21875
vt 0.6875 0.21875
vt 0.75 0.25
vt 0.8125 0.25
vt 0.8125 0.21875
vt 0.75 0.21875
vt 0.78125 0.8125
vt 0.84375 0.8125
vt 0.84375 0.78125
vt 0.78125 0.78125
vt 0.6875 0.625
vt 0.625 0.625
vt 0.625 0.6875
vt 0.6875 0.6875
vt 0.6875 0.625
vt 0.625 0.625
vt 0.625 0.5625
vt 0.6875 0.5625
vn -0.031107796830770085 0.000004901999573862781 -0.9995160353652691
vn 0.9268363264559318 0.37435604697160924 -0.02884396050239443
vn 0.031107796830770085 -0.000004901999573862781 0.9995160353652691
vn -0.9268363264559318 -0.37435604697160924 0.02884396050239443
vn -0.37417473049099526 0.9272850425148467 0.01164993520284037
vn 0.37417473049099526 -0.9272850425148467 -0.01164993520284037
usemtl m_19dec961-d5fb-3887-0be9-9436cfbd504b
f 108/316/79 111/315/79 109/314/79 106/313/79
f 107/320/80 108/319/80 106/318/80 105/317/80
f 112/324/81 107/323/81 105/322/81 110/321/81
f 111/328/82 112/327/82 110/326/82 109/325/82
f 110/332/83 105/331/83 106/330/83 109/329/83
f 111/336/84 108/335/84 107/334/84 112/333/84
o left
v 0.04368032370266839 0.09251119065013824 -0.125
v 0.04368032370266839 0.09251119065013824 -0.25
v 0.020281860923057282 0.03455636393526362 -0.125
v 0.020281860923057282 0.03455636393526362 -0.25
v -0.07222932972708102 0.13930811620936057 -0.25
v -0.07222932972708102 0.13930811620936057 -0.125
v -0.09562779250669212 0.08135328949448584 -0.25
v -0.09562779250669212 0.08135328949448584 -0.125
vt 0.75 0.46875
vt 0.8125 0.46875
vt 0.8125 0.4375
vt 0.75 0.4375
vt 0.5625 0.25
vt 0.625 0.25
vt 0.625 0.21875
vt 0.5625 0.21875
vt 0.75 0.4375
vt 0.8125 0.4375
vt 0.8125 0.40625
vt 0.75 0.40625
vt 0.75 0.40625
vt 0.8125 0.40625
vt 0.8125 0.375
vt 0.75 0.375
vt 0.6875 0.8125
vt 0.625 0.8125
vt 0.625 0.875
vt 0.6875 0.875
vt 0.6875 0.75
vt 0.625 0.75
vt 0.625 0.6875
vt 0.6875 0.6875
vn 0 0 -1
vn 0.9272772274379951 -0.37437540447377776 0
vn 0 0 1
vn -0.9272772274379951 0.37437540447377776 0
vn 0.37437540447377776 0.9272772274379951 0
vn -0.37437540447377776 -0.9272772274379951 0
usemtl m_19dec961-d5fb-3887-0be9-9436cfbd504b
f 116/340/85 119/339/85 117/338/85 114/337/85
f 115/344/86 116/343/86 114/342/86 113/341/86
f 120/348/87 115/347/87 113/346/87 118/345/87
f 119/352/88 120/351/88 118/350/88 117/349/88
f 118/356/89 113/355/89 114/354/89 117/353/89
f 119/360/90 116/359/90 115/358/90 120/357/90
o left
v 0.020281860923057282 0.03455636393526362 -0.125
v 0.020281860923057282 0.03455636393526362 -0.25
v -0.0031166018565538245 -0.023398462779611107 -0.125
v -0.0031166018565538245 -0.023398462779611107 -0.25
v -0.09562779250669212 0.08135328949448584 -0.25
v -0.09562779250669212 0.08135328949448584 -0.125
v -0.11902625528630323 0.023398462779611107 -0.25
v -0.11902625528630323 0.023398462779611107 -0.125
vt 0.78125 0.78125
vt 0.84375 0.78125
vt 0.84375 0.75
vt 0.78125 0.75
vt 0.78125 0.75
vt 0.84375 0.75
vt 0.84375 0.71875
vt 0.78125 0.71875
vt 0.78125 0.71875
vt 0.84375 0.71875
vt 0.84375 0.6875
vt 0.78125 0.6875
vt 0.3125 0.21875
vt 0.375 0.21875
vt 0.375 0.1875
vt 0.3125 0.1875
vt 0.6875 0.5
vt 0.625 0.5
vt 0.625 0.5625
vt 0.6875 0.5625
vt 0.6875 0.5
vt 0.625 0.5
vt 0.625 0.4375
vt 0.6875 0.4375
vn 0 0 -1
vn 0.9272772274379951 -0.37437540447377776 0
vn 0 0 1
vn -0.9272772274379951 0.37437540447377776 0
vn 0.37437540447377776 0.9272772274379951 0
vn -0.37437540447377776 -0.9272772274379951 0
usemtl m_19dec961-d5fb-3887-0be9-9436cfbd504b
f 124/364/91 127/363/91 125/362/91 122/361/91
f 123/368/92 124/367/92 122/366/92 121/365/92
f 128/372/93 123/371/93 121/370/93 126/369/93
f 127/376/94 128/375/94 126/374/94 125/373/94
f 126/380/95 121/379/95 122/378/95 125/377/95
f 127/384/96 124/383/96 123/382/96 128/381/96
o left2
v 0.031983772708271574 0.31707970336075686 -0.1875
v 0.031983772708271574 0.31707970336075686 -0.3125
v 0.04407306807899458 0.19266568109059878 -0.1875
v 0.04407306807899458 0.19266568109059878 -0.3125
v -0.09243024956188661 0.30499040799003385 -0.3125
v -0.09243024956188661 0.30499040799003385 -0.1875
v -0.0803409541911636 0.18057638571987578 -0.3125
v -0.0803409541911636 0.18057638571987578 -0.1875
vt 0.375 0.28125
vt 0.4375 0.28125
vt 0.4375 0.21875
vt 0.375 0.21875
vt 0.4375 0.28125
vt 0.5 0.28125
vt 0.5 0.21875
vt 0.4375 0.21875
vt 0.71875 0.375
vt 0.78125 0.375
vt 0.78125 0.3125
vt 0.71875 0.3125
vt 0.71875 0.3125
vt 0.78125 0.3125
vt 0.78125 0.25
vt 0.71875 0.25
vt 0.0625 0.1875
vt 0 0.1875
vt 0 0.25
vt 0.0625 0.25
vt 0.8125 1
vt 0.75 1
vt 0.75 0.9375
vt 0.8125 0.9375
vn 0 0 -1
vn 0.9953121781612654 0.09671436296578405 0
vn 0 0 1
vn -0.9953121781612654 -0.09671436296578405 0
vn -0.09671436296578405 0.9953121781612654 0
vn 0.09671436296578405 -0.9953121781612654 0
usemtl m_19dec961-d5fb-3887-0be9-9436cfbd504b
f 132/388/97 135/387/97 133/386/97 130/385/97
f 131/392/98 132/391/98 130/390/98 129/389/98
f 136/396/99 131/395/99 129/394/99 134/393/99
f 135/400/100 136/399/100 134/398/100 133/397/100
f 134/404/101 129/403/101 130/402/101 133/401/101
f 135/408/102 132/407/102 131/406/102 136/405/102
o left
v 0.019894477337548566 0.44149372563091505 -0.1875
v 0.019894477337548566 0.44149372563091505 -0.3125
v 0.031983772708271574 0.31707970336075686 -0.1875
v 0.031983772708271574 0.31707970336075686 -0.3125
v -0.10451954493260962 0.42940443026019204 -0.3125
v -0.10451954493260962 0.42940443026019204 -0.1875
v -0.09243024956188661 0.30499040799003385 -0.3125
v -0.09243024956188661 0.30499040799003385 -0.1875
vt 0.125 0.3125
vt 0.1875 0.3125
vt 0.1875 0.25
vt 0.125 0.25
vt 0.6875 0.875
vt 0.75 0.875
vt 0.75 0.8125
vt 0.6875 0.8125
vt 0.6875 0.75
vt 0.75 0.75
vt 0.75 0.6875
vt 0.6875 0.6875
vt 0.6875 0.6875
vt 0.75 0.6875
vt 0.75 0.625
vt 0.6875 0.625
vt 0.75 0.5625
vt 0.6875 0.5625
vt 0.6875 0.625
vt 0.75 0.625
vt 0.75 0.5625
vt 0.6875 0.5625
vt 0.6875 0.5
vt 0.75 0.5
vn 0 0 -1
vn 0.9953121781612654 0.09671436296578405 0
vn 0 0 1
vn -0.9953121781612654 -0.09671436296578405 0
vn -0.09671436296578405 0.9953121781612654 0
vn 0.09671436296578405 -0.9953121781612654 0
usemtl m_19dec961-d5fb-3887-0be9-9436cfbd504b
f 140/412/103 143/411/103 141/410/103 138/409/103
f 139/416/104 140/415/104 138/414/104 137/413/104
f 144/420/105 139/419/105 137/418/105 142/417/105
f 143/424/106 144/423/106 142/422/106 141/421/106
f 142/428/107 137/427/107 138/426/107 141/425/107
f 143/432/108 140/431/108 139/430/108 144/429/108
o shield
v 0.07549521715276897 0.5090628678631512 -0.313125
v 0.07549521715276897 0.5090628678631512 -0.374375
v 0.11164221031123078 0.13706494127537838 -0.313125
v 0.11164221031123078 0.13706494127537838 -0.374375
v -0.10988167602976673 0.49104981776077405 -0.374375
v -0.10988167602976673 0.49104981776077405 -0.313125
v -0.07373468287130491 0.11905189117300108 -0.374375
v -0.07373468287130491 0.11905189117300108 -0.313125
vt 0.375 0.75
vt 0.46875 0.75
vt 0.46875 0.5625
vt 0.375 0.5625
vt 0.5625 0.4375
vt 0.59375 0.4375
vt 0.59375 0.25
vt 0.5625 0.25
vt 0.125 0.5625
vt 0.21875 0.5625
vt 0.21875 0.375
vt 0.125 0.375
vt 0.59375 0.75
vt 0.625 0.75
vt 0.625 0.5625
vt 0.59375 0.5625
vt 0.84375 0.90625
vt 0.75 0.90625
vt 0.75 0.9375
vt 0.84375 0.9375
vt 0.84375 0.90625
vt 0.75 0.90625
vt 0.75 0.875
vt 0.84375 0.875
vn 0 0 -1
vn 0.9953121781612654 0.09671436296578405 0
vn 0 0 1
vn -0.9953121781612654 -0.09671436296578405 0
vn -0.09671436296578405 0.9953121781612654 0
vn 0.09671436296578405 -0.9953121781612654 0
usemtl m_19dec961-d5fb-3887-0be9-9436cfbd504b
f 148/436/109 151/435/109 149/434/109 146/433/109
f 147/440/110 148/439/110 146/438/110 145/437/110
f 152/444/111 147/443/111 145/442/111 150/441/111
f 151/448/112 152/447/112 150/446/112 149/445/112
f 150/452/113 145/451/113 146/450/113 149/449/113
f 151/456/114 148/455/114 147/454/114 152/453/114
o shield
v 0.14430849960770675 0.45358302100163805 -0.3125
v 0.14430849960770675 0.45358302100163805 -0.375
v 0.16848709034915277 0.2047549764613218 -0.3125
v 0.16848709034915277 0.2047549764613218 -0.375
v -0.1667265560676887 0.42335978257483053 -0.375
v -0.1667265560676887 0.42335978257483053 -0.3125
v -0.1425479653262427 0.17453173803451427 -0.375
v -0.1425479653262427 0.17453173803451427 -0.3125
vt 0.375 1
vt 0.53125 1
vt 0.53125 0.875
vt 0.375 0.875
vt 0.0625 0.375
vt 0.09375 0.375
vt 0.09375 0.25
vt 0.0625 0.25
vt 0.375 0.875
vt 0.53125 0.875
vt 0.53125 0.75
vt 0.375 0.75
vt 0.1875 0.375
vt 0.21875 0.375
vt 0.21875 0.25
vt 0.1875 0.25
vt 0.75 0.40625
vt 0.59375 0.40625
vt 0.59375 0.4375
vt 0.75 0.4375
vt 0.75 0.40625
vt 0.59375 0.40625
vt 0.59375 0.375
vt 0.75 0.375
vn 0 0 -1
vn 0.9953121781612654 0.09671436296578405 0
vn 0 0 1
vn -0.9953121781612654 -0.09671436296578405 0
vn -0.09671436296578405 0.9953121781612654 0
vn 0.09671436296578405 -0.9953121781612654 0
usemtl m_19dec961-d5fb-3887-0be9-9436cfbd504b
f 156/460/115 159/459/115 157/458/115 154/457/115
f 155/464/116 156/463/116 154/462/116 153/461/116
f 160/468/117 155/467/117 153/466/117 158/465/117
f 159/472/118 160/471/118 158/470/118 157/469/118
f 158/476/119 153/475/119 154/474/119 157/473/119
f 159/480/120 156/479/120 155/478/120 160/477/120